
-----Opened: -----

s(r(\{(4, 8), (4, 4), (8, 8), \}))

s(r(\{(3, 13), (4, 8), (3, 3), (4, 4), (7, 7), (8, 8), (9, 9), (13, 13), \}))

s(r(\{(3, 13), (4, 8), (3, 3), (4, 4), (5, 5), (7, 7), (8, 8), (9, 9), (12, 12), (13, 13), \}))

s(r(\{(3, 13), (4, 8), (1, 1), (3, 3), (4, 4), (5, 5), (7, 7), (8, 8), (9, 9), (10, 10), (12, 12), (13, 13), \}))

s(r(\{(3, 13), (4, 8), (1, 1), (3, 3), (4, 4), (5, 5), (7, 7), (8, 8), (9, 9), (10, 10), (12, 12), (13, 13), \}))

s(r(\{(3, 13), (4, 8), (1, 1), (3, 3), (4, 4), (5, 5), (7, 7), (8, 8), (9, 9), (10, 10), (12, 12), (13, 13), \}))

-----Closed! ----- 

-----Opened: -----

\{(4, 1), (4, 2), (4, 3), (4, 4), (4, 5), (4, 6), (4, 7), (4, 8), (4, 9), (4, 10), (4, 11), (4, 12), (4, 13), (4, 14), (8, 1), (8, 2), (8, 3), (8, 4), (8, 5), (8, 6), (8, 7), (8, 8), (8, 9), (8, 10), (8, 11), (8, 12), (8, 13), (8, 14), \}

\{(3, 3), (3, 13), (4, 1), (4, 2), (4, 3), (4, 4), (4, 5), (4, 6), (4, 7), (4, 8), (4, 9), (4, 10), (4, 11), (4, 12), (4, 13), (4, 14), (7, 5), (7, 7), (7, 10), (8, 1), (8, 2), (8, 3), (8, 4), (8, 5), (8, 6), (8, 7), (8, 8), (8, 9), (8, 10), (8, 11), (8, 12), (8, 13), (8, 14), (9, 2), (9, 3), (9, 6), (9, 9), (9, 11), (9, 13), (9, 14), (13, 3), (13, 13), \}

\{(3, 3), (3, 13), (4, 1), (4, 2), (4, 3), (4, 4), (4, 5), (4, 6), (4, 7), (4, 8), (4, 9), (4, 10), (4, 11), (4, 12), (4, 13), (4, 14), (5, 5), (5, 10), (7, 5), (7, 7), (7, 10), (8, 1), (8, 2), (8, 3), (8, 4), (8, 5), (8, 6), (8, 7), (8, 8), (8, 9), (8, 10), (8, 11), (8, 12), (8, 13), (8, 14), (9, 2), (9, 3), (9, 6), (9, 9), (9, 11), (9, 13), (9, 14), (12, 1), (12, 10), (12, 12), (13, 3), (13, 13), \}

\{(1, 1), (1, 10), (3, 3), (3, 13), (4, 1), (4, 2), (4, 3), (4, 4), (4, 5), (4, 6), (4, 7), (4, 8), (4, 9), (4, 10), (4, 11), (4, 12), (4, 13), (4, 14), (5, 5), (5, 10), (7, 5), (7, 7), (7, 10), (8, 1), (8, 2), (8, 3), (8, 4), (8, 5), (8, 6), (8, 7), (8, 8), (8, 9), (8, 10), (8, 11), (8, 12), (8, 13), (8, 14), (9, 2), (9, 3), (9, 6), (9, 9), (9, 11), (9, 13), (9, 14), (10, 10), (12, 1), (12, 10), (12, 12), (13, 3), (13, 13), \}

\{(1, 1), (1, 10), (3, 3), (3, 13), (4, 1), (4, 2), (4, 3), (4, 4), (4, 5), (4, 6), (4, 7), (4, 8), (4, 9), (4, 10), (4, 11), (4, 12), (4, 13), (4, 14), (5, 5), (5, 10), (7, 5), (7, 7), (7, 10), (8, 1), (8, 2), (8, 3), (8, 4), (8, 5), (8, 6), (8, 7), (8, 8), (8, 9), (8, 10), (8, 11), (8, 12), (8, 13), (8, 14), (9, 2), (9, 3), (9, 6), (9, 9), (9, 11), (9, 13), (9, 14), (10, 10), (12, 1), (12, 10), (12, 12), (13, 3), (13, 13), \}

\{(1, 1), (1, 10), (3, 3), (3, 13), (4, 1), (4, 2), (4, 3), (4, 4), (4, 5), (4, 6), (4, 7), (4, 8), (4, 9), (4, 10), (4, 11), (4, 12), (4, 13), (4, 14), (5, 5), (5, 10), (7, 5), (7, 7), (7, 10), (8, 1), (8, 2), (8, 3), (8, 4), (8, 5), (8, 6), (8, 7), (8, 8), (8, 9), (8, 10), (8, 11), (8, 12), (8, 13), (8, 14), (9, 2), (9, 3), (9, 6), (9, 9), (9, 11), (9, 13), (9, 14), (10, 10), (12, 1), (12, 10), (12, 12), (13, 3), (13, 13), \}

-----Closed! ----- 
